[[ 0.  2.  2. ... 10.  2.  0.]
 [ 2.  0.  0. ... 10.  4.  1.]
 [ 2.  0.  0. ... 10.  4.  1.]
 ...
 [10. 10. 10. ...  0. 10. 10.]
 [ 2.  4.  4. ... 10.  0.  2.]
 [ 0.  1.  1. ... 10.  2.  0.]]
[[0. 0. 0. ... 4. 0. 0.]
 [0. 0. 0. ... 5. 1. 0.]
 [0. 0. 0. ... 5. 1. 0.]
 ...
 [4. 5. 5. ... 0. 3. 4.]
 [0. 1. 1. ... 3. 0. 0.]
 [0. 0. 0. ... 4. 0. 0.]]
[[0. 0. 0. ... 2. 0. 0.]
 [0. 0. 0. ... 2. 0. 0.]
 [0. 0. 0. ... 2. 0. 0.]
 ...
 [2. 2. 2. ... 0. 1. 2.]
 [0. 0. 0. ... 1. 0. 0.]
 [0. 0. 0. ... 2. 0. 0.]]
[[0. 0. 0. ... 1. 0. 0.]
 [0. 0. 0. ... 1. 0. 0.]
 [0. 0. 0. ... 1. 0. 0.]
 ...
 [1. 1. 1. ... 0. 1. 1.]
 [0. 0. 0. ... 1. 0. 0.]
 [0. 0. 0. ... 1. 0. 0.]]
[[0. 0. 0. ... 0. 0. 0.]
 [0. 0. 0. ... 0. 0. 0.]
 [0. 0. 0. ... 0. 0. 0.]
 ...
 [0. 0. 0. ... 0. 0. 0.]
 [0. 0. 0. ... 0. 0. 0.]
 [0. 0. 0. ... 0. 0. 0.]]
